.2 
D 
80 
6 
2.24|4.18 
2D1|4B2 
5.1|1.4 
D 
94 
7 
2.24|4.15 
2D1|4A6 
5.1|1.4 
A 
76 
8 
4.11 
4A5 
1.4 
A 
63 
9 
4.21 
4B4 
6.4 
B 
94 
10 
3.40 
3E1 
5.1 
D 
80 
11 
3.12 
3A3 
1.1|7.2 
D 
76 
12 
3.29 
3C2|3C3 
6.2 
C 
76 
13 
1.24 
1C2 
7.2 
A 
63 
14 
1.24 
1C2 
7.2 
C 
72 
15 
1.26 
1C3 
5.3 
B 
90 
16 
1.22 
1C2 
6.4 
A 
67 
17 
2.23 
2D1 
4.2 
A 
73 
18 
3.31|3.36 
3D1|3D3 
7.2|1.5 
A 
56 
19 
2.10 
2B1 
1.4 
C 
70 
20 
2.23 
2D1 
4.2 
C 
74 
21 
3.26 
3C1 
7.2 
A 
71 
22 
1.32 
1D2 
4.1 
B 
65 
23 
1.18 
1B2 
5.3 
A 
76 
24 
2.24|2.32 
2D1|2E1 
5.1|1.4 
A 
85 
25 
2.3 
2A1 
6.4 
B 
77 
26 
2.24 
2D1 
5.1 
C 
62 
27 
1.2 
1A1 
2.2 
A 
50 
28 
3.22 
3B2 
6.2 
D 
63 
29 
3.15 
3A4 
6.5 
C 
50 
30 
3.13 
3A3 
3.1 
C 
39 
31 
4.4 
4A2 
6.4 
D 
48 
32 
3.23 
3B2 
1.4 
B 
74 
33 
2.9 
2A3 
1.1 
B 
83 
34 
2.24 
2D1 
5.1 
C 
62 
35 
2.22 
2D1 
1.3|3.2 
A 
66 
36 
2.22 
2D1 
1.3|3.2 
D 
69 
37 
2.22|4.14 
2D1|4A6 
1.3|3.2|2.2 
C 
71 
38 
3.37 
3D4 
6.1 
C 
53 
 
 
 
 
 
 
 
 
 
 
 