
  
3 
3 
3 
3 
3
  
4 
4 
4 
4 
4
  
5 
5 
5 
5 
5
  
6 
6 
6 
6 
6
  
7 
7 
7 
7 
7
  
8 
8 
8 
8 
8
  
9 
9 
9 
9 
9
  
 
/ 
/ 
/
 – 
. 
. 
. 
. 
.
  
 
0 
0 
0 
0
  
1 
1 
1 
1 
1
  
2 
2 
2 
2 
2
  
3 
3 
3 
3 
3
  
4 
4 
4 
4 
4
  
5 
5 
5 
5 
5
  
6 
6 
6 
6 
6
  
7 
7 
7 
7 
7
  
8 
8 
8 
8 
8
  
9 
9 
9 
9 
9
  
 
/ 
/ 
/
 – 
. 
. 
. 
. 
.
  
 
0 
0 
0 
0
  
1 
1 
1 
1 
1
  
2 
2 
2 
2 
2
  
3 
3 
3 
3 
3
  
4 
4 
4 
4 
4
  
5 
5 
5 
5 
5
  
6 
6 
6 
6 
6
  
7 
7 
7 
7 
7
  
8 
8 
8 
8 
8
  
9 
9 
9 
9 
9
  
 
/ 
/ 
/
 – 
. 
. 
. 
. 
.
  
 
0 
0 
0 
0
  
1 
1 
1 
1 
1
  
2 
2 
2 
2 
2
  
3 
3 
3 
3 
3
  
4 
4 
4 
4 
4
  
5 
5 
5 
5 
5
  
6 
6 
6 
6 
6
  
7 
7 
7 
7 
7
  
8 
8 
8 
8 
8
  
9 
9 
9 
9 
9
For Students Taking AP Biology
  
 
/ 
/ 
/
 – 
. 
. 
. 
. 
.
  
 
0 
0 
0 
0
  
1 
1 
1 
1 
1
  
2 
2 
2 
2 
2
  
3 
3 
3 
3 
3
  
4 
4 
4 
4 
4
  
5 
5 
5 
5 
5
  
6 
6 
6 
6 
6
  
7 
7 
7 
7 
7
  
8 
8 
8 
8 
8
  
9 
9 
9 
9 
9
121
123
122
124
125
126
Write your answer in the 