24
0.500
0.866
0.577
31°
0.541
0.515
0.857
0.601
32°
0.559
0.530
0.848
0.625
33°
0.576
0.545
0.839
0.649
34°
0.593
0.559
0.829
0.675
35°
0.611
0.574
0.819
0.700
36°
0.628
0.588
0.809
0.727
37°
0.646
0.602
0.799
0.754
38°
0.663
0.616
0.788
0.781
39°
0.681
0.629
0.777
0.810
40°
0.698
0.643
0.766
0.839
41°
0.716
0.656
0.755
0.869
42°
0.733
0.669
0.743
0.900
43°
0.750
0.682
0.731
0.933
44°
0.768
0.695
0.719
0.966
45°
0.785
0.707
0.707
1.000
46°
0.803
0.719
0.695
1.036
47°
0.820
0.731
0.682
1.072
48°
0.838
0.743
0.669
1.111
49°
0.855
0.755
0.656
1.150
50°
0.873
0.766
0.643
1.192
51°
0.890
0.777
0.629
1.235
52°
0.908
0.788
0.616
1.280
53°
0.925
0.799
0.602
1.327
54°
0.942
0.809
0.588
1.376
55°
0.960
0.819
0.574
1.428
56°
0.977
0.829
0.559
1.483
57°
0.995
0.839
0.545
1.540
58°
1.012
0.848
0.530
1.600
59°
1.030
0.857
0.515
1.664
60°
1.047
0.866
0.500
1.732
61°
1.065
0.875
0.485
1.804
62°
1.082
0.883
0.469
1.881
63°
1.100
0.891
0.454
1.963
64°
1.117
0.899
0.438
2.050
65°
1.134
0.906
0.423
2.145