 
0.002342 
0.002446 
drugs 
9770.553 
10273.62 
10793.44 
11330.01 
11883.35 
12453.38 
13039.99 
13643.04 
14262.33 
14897.66 
vaccine 
988.9954 
1029.984 
1071.797 
1114.418 
1157.778 
1201.721 
1246.342 
1291.591 
1337.403 
1383.718 
week 
70 
71 
72 
73 
74 
75 
76 
77 
78 
79 
I(t) 
0.002553 
0.002663 
0.002775 
0.002889 
0.003006 
0.003124 
0.003246 
0.003369 
0.003494 
0.003621 
drugs 
15548.74 
16215.26 
16896.88 
17593.19 
18303.75 
19028.07 
19765.62 
20515.83 
21278.09 
22051.73 
vaccine 
1430.471 
1477.599 
1525.041 
1572.733 
1620.612 
1668.616 
1716.681 
1764.745 
1812.745 
1860.617 
week 
80 
81 
82 
83 
84 
85 
86 
87 
88 
89 
I(t) 
0.00375 
0.00388 
0.004012 
0.004145 
0.00428 
0.004415 
0.004552 
0.004689 
0.004827 
0.004965 
drugs 
22836.05 
23630.3 
24433.69 
25245.38 
26064.51 
26890.19 
27721.61 
28557.72 
29397.46 
30239.77 
vaccine 
1908.3 
1955.73 
2002.845 
2049.581 
2095.877 
2141.615 
2186.668 
2230.971 
2274.464 
2317.088 
week 
90 
91 
92 
93 
94 
95 
96 