ion data 
 
2005 
2006 
2007 
2008 
2009 
2010 
2011 
2012 
Population 
0.46 
0.45 
0.44 
0.43 
0.42 
0.41 
0.4 
0.38 
Policy 
0.5948 
0.6238 
0.6238 
0.6238 
0.6238 
0.6238 
0.5948 
0.5948 
Community 
0.52 
0.54 
0.56 
0.52 
0.58 
0.4 
0.64 
0.6 
Public health 
0.452 
0.458 
0.464 
0.47 
0.474 
0.478 
0.484 
0.488 
Education 
0.468 
0.4815 
0.4915 
0.4965 
0.4985 
0.5 
0.5015 
0.5045 
Technology 
0.0003 
0.0009 
0.0004 
0.0005 
0.0007 
0.0006 
0.0014 
0.002 
Import 
0.542 
0.5 
0.622 
0.516 
0.548 
0.106 
0.22 
0.336 
Export 
0.7 
0.725 
0.66 
0.635 
0.785 
0.765 
0.87 
0.845 
Poverty 
0.2075 
0.27 
0.33 
0.3875 
0.405 
0.3875 
0.42 
0.45 
Geography 
0.5245 
0.5245 
0.5245 
0.5245 
0.5245 
0.5245 
0.5245 
0.5245 
Resource and 
Energy 
0.09 
0.09 
0.05 
0.05 
0.07 
0.06 
0.03 
0.05 
Environment 
0.1267 
0.1267 
0.1267 
0.1233 
0.1233 
0.1233 
0.12 
0.12 
Then we apply our model to analysis of categorical data from three 
transformation data: 
Table 10: Indexes from model 
 
 
P1(Societ