48285.17 
48823.9 
49336.75 
49822.93 
50281.7 
50712.38 
51114.3 
vaccine 
2908.454 
2918.125 
2925.933 
2931.882 
2935.971 
2938.205 
2938.584 
2937.111 
2933.788 
2928.616 
week 
120 
121 
122 
123 
124 
125 
126 
127 
128 
129 
I(t) 
0.008454 
0.008511 
0.008562 
0.008608 
0.008649 
0.008685 
0.008716 
0.008741 
0.008761 
0.008776 
drugs 
51486.86 
51829.51 
52141.72 
52423.02 
52672.97 
52891.22 
53077.49 
53231.62 
53353.46 
53442.93 
vaccine 
2921.598 
2912.736 
2902.032 
2889.487 
2875.175 
2859.308 
2841.758 
2822.561 
2801.77 
2779.439 
week 
130 
131 
132 
133 
134 
135 
136 
137 
138 
139 
I(t) 
0.008785 
0.008789 
0.008788 
0.008781 
0.008769 
0.008752 
0.00873 
0.008703 
0.008671 
0.008633 
drugs 
53499.99 
53524.67 
53517.04 
53477.23 
53405.41 
53301.81 
53166.71 
53000.46 
52803.43 
52576.07 
vaccine 
2755.621 
2730.37 
2703.739 
2675.78 
2646.547 
2616.094 
2584.474 
2551.74 
2517.945 
2483.142 
week 
140 
141 
142 
143 
144 
145 
146 
147 
148 
149 
I(t) 
0.008591 
0