
97 
98 
99 
I(t) 
0.005104 
0.005243 
0.005381 
0.005519 
0.005657 
0.005794 
0.00593 
0.006065 
0.006199 
0.006332 
drugs 
31083.56 
31927.75 
32771.23 
33612.89 
34451.6 
35286.24 
36115.66 
36938.71 
37754.21 
38561.01 
vaccine 
2358.782 
2399.486 
2439.14 
2477.683 
2515.056 
2551.198 
2586.049 
2619.548 
2651.636 
2682.252 
week 
100 
101 
102 
103 
104 
105 
106 
107 
108 
109 
I(t) 
0.006463 
0.006592 
0.006719 
0.006844 
0.006966 
0.007086 
0.007203 
0.007317 
0.007428 
0.007535 
Team   #37232                                                              Page 19 of 22   
drugs 
39357.9 
40143.69 
40917.18 
41677.15 
42422.37 
43151.68 
43864.09 
44558.45 
45233.63 
45888.53 
vaccine 
2711.336 
2738.828 
2764.667 
2788.794 
2811.231 
2832.096 
2851.108 
2868.248 
2883.518 
2896.919 
week 
110 
111 
112 
113 
114 
115 
116 
117 
118 
119 
I(t) 
0.007639 
0.007739 
0.007836 
0.007929 
0.008017 
0.008101 
0.008181 
0.008256 
0.008327 
0.008393 
drugs 
46522.12 
47133.39 
47721.37 
